no-wrap (Petruv, odpinkava se do pulky zleva a pak se vraci, trochu se snazi vybirat prekazky):  -0.019607843137254832, -0.41176470588235325, 0.4901960784313726, 0.4509803921568629, -4.8431372549019605, 17.490196078431374, 20.0, -0.6078431372549016, -0.09803921568627416, 0.3725490196078427, -0.3725490196078427, 0.0588235294117645, -4.882352941176471, -0.4901960784313726, 20.0, 20.0, 0.21568627450980404, -0.33333333333333304, -0.4901960784313726, -0.4509803921568629, 0.09803921568627416, -0.13725490196078471, -0.2549019607843137, 4.921568627450981, 0.2941176470588234, 0.4509803921568629, 0.0, -2.7450980392156863, -0.15686274509803866, -1.0196078431372548, 5.0, 3.996078431372549, 4.372549019607844, 5.0, 1.0392156862745099, 2.0, 1.0, 1.5647058823529412


no-wrap (ale je rychlej jen kdyz se odrazi od leve zdi):
-2.5686274509803924, -1.0392156862745097, 2.215686274509804, 4.882352941176471, 4.098039215686274, -13.882352941176471, -11.686274509803921, -4.96078431372549, 3.1568627450980387, 2.6078431372549016, 0.2549019607843137, 3.431372549019608, 0.7647058823529411, -2.764705882352941, -2.5882352941176485, 18.745098039215684, 0.21568627450980404, 2.764705882352941, -1.5098039215686274, 3.3529411764705888, -0.4509803921568629, 0.13725490196078471, 3.3921568627450984, -3.8627450980392157, -1.4313725490196076, 1.666666666666667, -8.549019607843137, -0.7450980392156854, -3.4901960784313726, -0.07843137254901933, 2.1607843137254905, 4.011764705882353, 2.4901960784313726, 3.227450980392157, 1.9529411764705882, 1.3098039215686275, 1.1529411764705881, 1.4549019607843137


no-wrap (vychytava vsechno pekne, ale i cerveny chyta, odrazi se pekne):
2.372549019607843, -4.450980392156863, -0.41176470588235325, -2.764705882352941, 0.6470588235294121, 7.137254901960784, -18.431372549019606, 3.8235294117647065, 1.0392156862745097, -2.607843137254902, -0.09803921568627416, 1.0784313725490193, 3.0784313725490193, 2.882352941176471, 8.235294117647058, -6.8235294117647065, 4.882352941176471, 0.0588235294117645, -2.215686274509804, -0.6862745098039218, -0.6862745098039218, 0.2941176470588234, 2.882352941176471, -0.9607843137254903, -1.6274509803921569, -0.33333333333333304, -3.098039215686274, -1.2156862745098032, -0.8627450980392162, -1.2941176470588243, 4.341176470588236, 2.568627450980392, 1.1254901960784314, 4.4980392156862745, 1.7490196078431373, 1.576470588235294, 1.8745098039215686, 1.007843137254902

wrap (scan objektu provadi rovnou, jezdi doprava, ignoruje objekty velikosti 2): -1.0, 3.980392156862745, -4.8431372549019605, -0.6470588235294121, 5.0, 1.0, -4.019607843137255, 3.980392156862745, 1.9803921568627452, -5.0, 1.9803921568627452, 3.0784313725490193, 0.4901960784313726, 4.686274509803921, 5.0, -4.647058823529412, 5.0, 3.980392156862745, 3.0, 4.372549019607844, -5.0, -5.0, 0.0, -6.0, -9.96078431372549, -1.0196078431372548, 5.0, 2.003921568627451, 2.003921568627451, 1.0, 1.0, 1.0, 2.0, 1.7490196078431373

wrap (scan provadi rovnou, jezdi doleva, neignoruje nic, ale obcas se mu nezadari):
5.0, -4.647058823529412, -4.0588235294117645, -1.2745098039215685, 5.0, 2.019607843137255, 2.2941176470588234, -3.8627450980392157, 0.09803921568627416, 3.980392156862745, -2.9607843137254903, 5.0, 1.3529411764705879, 3.0, 2.1764705882352944, -1.0, 1.0, -3.0, -3.0, 4.294117647058824, 1.0, 5.0, -1.0196078431372548, -0.35294117647058876, -0.7058823529411757, -9.019607843137255, 4.921568627450981, 3.996078431372549, 2.003921568627451, 2.992156862745098, 1.0, 1.2509803921568627, 1.003921568627451, 2.0


pull (je dobrej, ale haze na sebe vsechno, obcas provadi scan, ale je to k nicemu, kdyz shodi vsechno):
-2.803921568627451, 3.901960784313726, 3.862745098039216, 0.09803921568627416, -0.4509803921568629, -4.450980392156863, -1.5098039215686274, 1.0392156862745097, 3.2745098039215694, -4.921568627450981, -0.6862745098039218, -4.529411764705882, 0.6470588235294121, 2.803921568627451, 0.7254901960784315, -3.0392156862745097, 1.117647058823529, -0.13725490196078471, -2.6862745098039214, -4.647058823529412, -0.6078431372549016, 0.2941176470588234, 0.3725490196078427, 2.215686274509804, -1.3137254901960786, -3.2745098039215685, -3.9019607843137254, -0.019607843137254832, 0.7647058823529411, -0.7450980392156854, -7.529411764705882, -2.5882352941176467, -0.15686274509803866, 0.0, 4.090196078431372, 2.7411764705882353, 3.541176470588235, 1.392156862745098, 4.56078431372549, 1.780392156862745, 1.3607843137254902, 1.780392156862745, 1.231372549019608, 1.3176470588235294

pull (vyhyba se sice velkym, ale pull mu moc nejde):
-0.41176470588235325, 4.215686274509803, 0.9607843137254903, 4.607843137254902, 2.2941176470588234, 4.921568627450981, -3.549019607843137, -3.1568627450980395, 2.098039215686274, 4.294117647058824, 1.3921568627450984, -4.921568627450981, -0.5686274509803919, -0.17647058823529438, 3.9411764705882355, 1.3529411764705879, 2.2549019607843137, -0.17647058823529438, 0.7647058823529411, 1.8235294117647056, -3.666666666666667, -0.4509803921568629, -3.0, 4.490196078431373, -2.0588235294117645, -3.1176470588235294, 3.117647058823529, -0.019607843137254832, 4.490196078431373, -10.0, -1.8039215686274517, -9.803921568627452, -3.333333333333333, 0.0, 2.976470588235294, 2.23921568627451, 2.333333333333333, 1.2352941176470589, 4.0588235294117645, 1.0, 1.0745098039215686, 1.2705882352941176, 1.2470588235294118, 1.8901960784313725