--- GLOBAL S=26 ---

Length 57 found in generation 116
[7, 3, 22, 1, 19, 9, 14, 23, 2, 25, 6, 17, 12, 12, 2, 1, 15, 4, 8, 16, 10, 23, 4, 3, 21, 13, 0, 17, 0, 6, 18, 5, 11, 14, 21, 24, 8, 18, 20, 16, 25, 12, 14, 24, 10, 9, 24, 21, 5, 22, 19, 15, 17, 20, 1, 6, 7]

Length 59 found in generation 518
[7, 13, 2, 10, 19, 25, 16, 18, 6, 24, 14, 21, 15, 12, 17, 8, 14, 9, 3, 4, 20, 1, 4, 22, 15, 5, 9, 13, 10, 17, 9, 1, 23, 0, 22, 2, 25, 11, 24, 11, 12, 21, 20, 20, 11, 16, 5, 19, 17, 2, 3, 0, 23, 6, 7, 19, 18, 8, 22]

Length 60 found in generation 1758
[9, 3, 22, 25, 24, 6, 8, 17, 2, 20, 14, 15, 1, 16, 19, 24, 18, 23, 0, 10, 13, 17, 14, 5, 0, 0, 9, 14, 3, 19, 12, 15, 10, 6, 24, 21, 4, 16, 18, 7, 23, 6, 23, 7, 21, 19, 22, 16, 20, 22, 11, 25, 15, 2, 4, 1, 5, 3, 17, 8]

Length 61 found in generation 1799
[15, 0, 12, 9, 13, 8, 16, 18, 7, 24, 19, 17, 10, 22, 20, 11, 10, 3, 6, 14, 2, 0, 17, 22, 24, 10, 25, 21, 4, 25, 23, 3, 13, 4, 4, 6, 12, 20, 7, 5, 18, 8, 22, 1, 13, 2, 9, 25, 16, 17, 11, 21, 0, 9, 15, 5, 23, 19, 14, 20, 14]

--- GLOBAL S=37 ---

Length 80 found in generation 208
[8, 3, 12, 9, 34, 5, 22, 11, 20, 20, 19, 15, 16, 7, 6, 16, 27, 25, 26, 2, 13, 9, 8, 11, 1, 0, 36, 7, 26, 1, 34, 4, 17, 28, 8, 13, 18, 21, 12, 2, 30, 32, 0, 14, 10, 33, 27, 18, 35, 23, 14, 33, 28, 1, 3, 24, 35, 16, 31, 29, 17, 15, 32, 6, 21, 36, 26, 11, 25, 22, 7, 30, 6, 9, 20, 14, 6, 10, 12, 5]

Length 81 found in generation 695
[13, 0, 23, 36, 5, 30, 27, 30, 24, 33, 19, 35, 18, 2, 34, 13, 1, 3, 22, 29, 31, 21, 6, 28, 16, 9, 8, 29, 11, 6, 25, 0, 21, 30, 25, 15, 1, 20, 11, 31, 24, 17, 5, 26, 33, 22, 27, 28, 15, 14, 29, 18, 13, 32, 24, 14, 23, 17, 12, 12, 8, 10, 4, 19, 26, 16, 20, 3, 19, 2, 10, 32, 7, 36, 9, 34, 21, 13, 23, 0, 30]

Length 82 found in generation 850
[28, 33, 4, 14, 17, 35, 15, 6, 1, 32, 34, 2, 12, 16, 21, 6, 22, 25, 18, 29, 13, 7, 19, 10, 23, 13, 24, 32, 0, 36, 36, 3, 33, 8, 20, 30, 25, 11, 1, 35, 9, 12, 7, 26, 3, 0, 16, 5, 0, 17, 30, 21, 24, 27, 5, 29, 8, 34, 31, 18, 31, 24, 9, 15, 19, 32, 2, 4, 26, 11, 2, 29, 31, 28, 15, 32, 22, 1, 23, 35, 14, 34]

Length 83 found in generation 3377
[30, 22, 36, 13, 16, 21, 28, 23, 26, 29, 6, 7, 2, 19, 27, 15, 8, 2, 0, 33, 31, 12, 3, 5, 18, 26, 1, 15, 32, 28, 33, 10, 11, 34, 20, 12, 7, 24, 32, 24, 9, 25, 0, 17, 17, 23, 0, 28, 13, 4, 35, 36, 11, 20, 30, 8, 14, 21, 10, 36, 32, 18, 8, 30, 3, 4, 23, 34, 2, 14, 16, 9, 27, 28, 1, 31, 28, 25, 13, 6, 15, 22, 29]

--- LOCAL S=32 ---

Length 302 found in generation 196
[19, 10, 20, 9, 20, 23, 15, 13, 13, 9, 4, 14, 21, 14, 31, 16, 27, 17, 10, 21, 2, 1, 19, 4, 22, 8, 12, 28, 31, 19, 26, 17, 15, 17, 22, 19, 24, 17, 27, 20, 7, 7, 5, 4, 12, 20, 3, 20, 24, 3, 0, 28, 11, 26, 15, 2, 15, 20, 4, 27, 11, 8, 11, 23, 3, 28, 25, 6, 1, 28, 29, 8, 27, 8, 30, 20, 29, 5, 17, 0, 9, 15, 31, 23, 17, 2, 14, 7, 20, 25, 21, 9, 22, 5, 2, 8, 14, 5, 16, 5, 13, 3, 26, 11, 27, 7, 21, 19, 23, 4, 29, 17, 24, 19, 5, 1, 2, 18, 31, 9, 24, 4, 8, 10, 24, 29, 15, 28, 17, 17, 6, 8, 19, 25, 16, 12, 31, 13, 31, 30, 27, 24, 12, 23, 2, 9, 12, 30, 4, 20, 1, 14, 22, 9, 13, 2, 25, 17, 25, 3, 18, 8, 3, 21, 7, 13, 5, 15, 10, 22, 3, 6, 14, 14, 10, 1, 17, 23, 19, 3, 15, 15, 26, 14, 19, 13, 11, 12, 6, 24, 18, 21, 26, 25, 30, 29, 12, 25, 1, 8, 21, 11, 5, 0, 11, 28, 12, 0, 24, 24, 15, 14, 30, 25, 15, 30, 11, 13, 29, 9, 16, 3, 29, 28, 0, 20, 31, 29, 6, 16, 7, 6, 5, 21, 4, 19, 20, 15, 18, 26, 1, 22, 11, 0, 26, 13, 26, 19, 2, 27, 1, 11, 21, 25, 20, 26, 6, 23, 14, 8, 7, 26, 22, 24, 23, 21, 23, 23, 26, 31, 6, 12, 17, 18, 4, 11, 17, 20, 16, 0, 22, 23, 6, 30, 21, 0, 18, 3, 27, 5, 27, 30, 26, 27, 28, 20, 18, 7, 24, 16, 28, 19]

Length 320 found in generation 72
[26, 20, 22, 18, 8, 16, 8, 14, 6, 1, 23, 10, 2, 27, 23, 30, 19, 7, 15, 11, 26, 14, 9, 14, 16, 26, 10, 27, 30, 29, 9, 9, 3, 17, 30, 9, 12, 24, 3, 25, 5, 9, 6, 15, 1, 15, 17, 28, 21, 21, 8, 6, 29, 28, 16, 28, 0, 10, 18, 17, 27, 16, 14, 14, 0, 17, 16, 10, 25, 22, 0, 22, 29, 15, 24, 0, 30, 11, 25, 16, 13, 15, 20, 24, 24, 16, 3, 31, 19, 2, 18, 14, 11, 3, 22, 13, 4, 25, 24, 27, 7, 23, 29, 7, 11, 11, 27, 29, 12, 5, 2, 20, 20, 25, 30, 6, 5, 0, 27, 8, 7, 26, 21, 19, 30, 26, 4, 20, 5, 3, 1, 18, 12, 0, 28, 15, 5, 1, 8, 15, 19, 31, 30, 10, 14, 26, 23, 31, 1, 5, 14, 30, 5, 17, 6, 12, 10, 28, 25, 9, 7, 29, 18, 10, 6, 11, 1, 28, 24, 6, 3, 19, 10, 13, 14, 29, 13, 13, 18, 11, 31, 3, 14, 17, 0, 24, 14, 25, 2, 4, 29, 1, 26, 25, 17, 12, 22, 5, 8, 10, 31, 8, 8, 25, 20, 1, 22, 21, 28, 30, 12, 2, 31, 14, 10, 30, 22, 6, 21, 29, 3, 27, 1, 7, 1, 21, 25, 26, 17, 21, 20, 2, 2, 24, 29, 4, 30, 7, 6, 10, 22, 3, 11, 8, 4, 1, 6, 23, 19, 24, 5, 12, 20, 17, 13, 28, 31, 9, 16, 22, 1, 30, 30, 28, 7, 13, 6, 30, 24, 28, 19, 4, 12, 29, 14, 13, 10, 23, 22, 28, 22, 27, 14, 23, 9, 19, 8, 27, 3, 5, 24, 11, 7, 14, 24, 10, 17, 29, 23, 1, 16, 4, 2, 0, 23, 4, 8, 24, 7, 24, 26, 12, 12, 8, 2, 3, 15, 27, 19, 17]

Length 330 found in generation 254
[12, 8, 2, 22, 9, 4, 0, 8, 7, 2, 13, 2, 18, 14, 26, 17, 24, 22, 19, 4, 22, 10, 8, 5, 5, 18, 26, 10, 19, 8, 31, 23, 7, 24, 3, 24, 20, 0, 28, 16, 15, 12, 13, 26, 6, 1, 14, 14, 21, 21, 28, 11, 4, 7, 28, 26, 22, 13, 23, 5, 0, 13, 16, 9, 2, 19, 25, 3, 14, 29, 28, 27, 4, 16, 1, 21, 3, 27, 25, 6, 8, 0, 11, 1, 19, 11, 14, 15, 31, 26, 30, 13, 0, 14, 19, 23, 23, 4, 19, 6, 0, 16, 29, 21, 4, 23, 1, 26, 11, 6, 20, 14, 9, 27, 27, 26, 1, 30, 3, 15, 7, 9, 12, 26, 28, 2, 4, 13, 11, 21, 30, 15, 2, 5, 4, 18, 8, 8, 22, 25, 22, 11, 18, 19, 13, 6, 30, 2, 20, 18, 10, 18, 11, 24, 9, 13, 13, 20, 1, 18, 20, 27, 21, 19, 24, 28, 12, 25, 7, 12, 31, 15, 10, 6, 13, 27, 7, 21, 25, 12, 11, 15, 29, 19, 30, 30, 26, 16, 8, 24, 27, 14, 30, 22, 7, 25, 10, 12, 28, 20, 31, 20, 5, 3, 22, 6, 17, 20, 24, 30, 28, 28, 3, 30, 17, 2, 26, 14, 24, 15, 9, 28, 17, 5, 16, 5, 2, 16, 2, 9, 29, 11, 23, 18, 31, 17, 11, 28, 18, 5, 9, 30, 27, 29, 1, 16, 19, 20, 28, 21, 7, 20, 11, 30, 1, 8, 29, 14, 28, 15, 17, 6, 4, 5, 29, 0, 17, 0, 30, 12, 16, 20, 7, 10, 29, 24, 16, 25, 19, 21, 27, 18, 2, 7, 16, 26, 26, 15, 23, 21, 29, 7, 23, 9, 8, 9, 17, 12, 2, 27, 0, 22, 18, 15, 5, 14, 12, 4, 31, 5, 7, 17, 29, 31, 27, 23, 28, 1, 17, 30, 24, 19, 14, 16, 3, 8, 27, 6, 26, 29]

Length 331 found in generation 188
[0, 7, 5, 28, 26, 1, 17, 13, 24, 21, 8, 4, 24, 24, 14, 30, 22, 15, 17, 22, 6, 17, 2, 27, 14, 25, 3, 22, 24, 16, 31, 25, 0, 31, 19, 14, 17, 30, 0, 25, 23, 20, 9, 23, 0, 6, 6, 19, 3, 26, 6, 31, 2, 11, 22, 11, 3, 17, 16, 0, 10, 10, 11, 19, 4, 6, 8, 18, 25, 30, 30, 16, 15, 24, 7, 4, 11, 13, 14, 2, 22, 4, 20, 12, 30, 12, 10, 16, 14, 7, 20, 10, 26, 26, 0, 18, 17, 4, 7, 13, 7, 29, 9, 10, 5, 14, 29, 12, 19, 7, 6, 2, 12, 9, 15, 28, 25, 8, 13, 16, 12, 3, 24, 23, 28, 21, 3, 9, 31, 28, 8, 30, 18, 3, 10, 3, 14, 9, 4, 3, 12, 29, 4, 21, 0, 5, 2, 0, 16, 19, 8, 15, 1, 11, 29, 20, 26, 11, 15, 9, 12, 21, 1, 22, 8, 3, 11, 12, 27, 18, 8, 26, 10, 18, 26, 21, 24, 12, 4, 10, 20, 15, 4, 8, 12, 2, 26, 16, 23, 24, 20, 30, 25, 26, 30, 23, 12, 1, 26, 2, 15, 14, 28, 22, 13, 30, 20, 21, 17, 23, 19, 6, 21, 15, 2, 8, 11, 27, 25, 14, 0, 1, 6, 4, 9, 3, 7, 18, 29, 22, 23, 2, 9, 1, 15, 10, 23, 18, 27, 13, 27, 31, 1, 28, 7, 23, 9, 2, 24, 28, 2, 19, 27, 21, 4, 31, 16, 18, 24, 5, 16, 28, 23, 30, 11, 0, 19, 2, 29, 26, 8, 14, 3, 15, 18, 5, 29, 24, 2, 23, 25, 18, 9, 18, 31, 15, 31, 23, 8, 24, 29, 3, 30, 29, 11, 20, 18, 4, 19, 11, 18, 12, 26, 13, 29, 18, 0, 12, 31, 30, 13, 22, 5, 8, 17, 12, 0, 20, 31, 5, 22, 10, 30, 6, 9, 11, 9, 7, 25, 9, 21]

Length 350 found in generation 520
[31, 19, 21, 18, 9, 2, 28, 10, 19, 19, 22, 8, 16, 29, 24, 24, 31, 27, 15, 11, 6, 2, 29, 13, 26, 15, 14, 17, 8, 28, 30, 9, 26, 9, 5, 11, 26, 29, 30, 23, 22, 22, 1, 4, 8, 6, 9, 1, 18, 8, 30, 18, 1, 30, 12, 17, 7, 20, 7, 7, 28, 15, 10, 1, 8, 11, 15, 2, 8, 21, 29, 4, 22, 27, 2, 20, 23, 19, 15, 12, 23, 31, 1, 31, 16, 8, 18, 0, 24, 15, 31, 17, 5, 27, 23, 26, 22, 10, 21, 5, 21, 1, 5, 17, 30, 13, 0, 14, 4, 1, 13, 17, 23, 24, 30, 26, 5, 15, 16, 10, 28, 11, 27, 21, 31, 3, 31, 9, 31, 25, 18, 6, 0, 18, 17, 4, 0, 10, 23, 7, 22, 24, 11, 12, 21, 7, 30, 6, 11, 25, 16, 11, 0, 1, 6, 7, 16, 13, 25, 29, 8, 17, 6, 18, 30, 19, 8, 1, 27, 9, 13, 15, 15, 25, 21, 24, 18, 15, 18, 28, 25, 5, 18, 4, 6, 4, 5, 23, 1, 9, 18, 11, 14, 18, 20, 4, 21, 12, 26, 1, 22, 4, 26, 13, 9, 29, 28, 5, 0, 27, 31, 14, 21, 25, 4, 9, 6, 8, 2, 21, 8, 26, 8, 29, 23, 3, 28, 2, 10, 5, 4, 16, 7, 2, 3, 2, 31, 29, 7, 15, 27, 0, 12, 9, 16, 26, 16, 25, 7, 5, 22, 20, 18, 22, 14, 27, 19, 23, 20, 27, 27, 3, 18, 7, 23, 10, 25, 26, 20, 30, 17, 25, 12, 3, 9, 11, 13, 10, 20, 17, 3, 25, 8, 10, 26, 31, 10, 11, 2, 30, 21, 3, 16, 12, 5, 20, 24, 16, 31, 7, 6, 10, 4, 3, 20, 12, 10, 22, 5, 28, 17, 24, 20, 16, 0, 21, 11, 22, 19, 20, 21, 14, 29, 29, 6, 3, 26, 19, 0, 2, 13, 6, 19, 4, 10, 8, 22, 12, 19, 11, 29, 27, 18, 24, 13, 20, 20, 3, 12, 29]

Length 360 found in generation 229
29, 21, 5, 2, 19, 17, 17, 3, 29, 30, 29, 29, 0, 18, 31, 14, 20, 11, 14, 31, 13, 6, 8, 4, 23, 2, 5, 28, 16, 14, 25, 20, 27, 18, 29, 12, 5, 15, 30, 26, 23, 30, 15, 26, 20, 4, 29, 10, 2, 6, 30, 18, 23, 27, 13, 20, 30, 22, 16, 4, 3, 31, 26, 19, 4, 15, 2, 8, 22, 28, 0, 28, 2, 22, 29, 2, 27, 12, 18, 19, 10, 23, 3, 27, 11, 20, 2, 20, 26, 18, 22, 22, 23, 7, 10, 26, 6, 27, 3, 8, 14, 3, 25, 5, 13, 10, 31, 1, 0, 12, 9, 1, 18, 24, 24, 31, 8, 2, 18, 15, 10, 29, 6, 19, 1, 16, 24, 28, 5, 25, 11, 26, 5, 10, 14, 14, 27, 8, 13, 30, 14, 16, 1, 11, 9, 7, 23, 28, 24, 19, 11, 6, 26, 7, 18, 1, 25, 24, 14, 19, 7, 0, 27, 23, 16, 17, 10, 7, 15, 28, 22, 26, 13, 7, 25, 9, 26, 4, 21, 19, 27, 21, 18, 7, 31, 18, 16, 30, 8, 5, 30, 23, 10, 30, 13, 1, 17, 26, 28, 1, 20, 6, 4, 16, 15, 23, 31, 27, 15, 6, 3, 20, 14, 9, 20, 7, 5, 5, 6, 1, 23, 19, 14, 28, 23, 23, 29, 15, 31, 2, 2, 16, 19, 12, 1, 7, 2, 30, 7, 29, 13, 25, 6, 15, 18, 21, 4, 31, 21, 16, 10, 0, 13, 26, 14, 6, 13, 0, 4, 9, 18, 28, 19, 15, 22, 5, 8, 24, 3, 7, 3, 14, 26, 1, 27, 1, 24, 2, 12, 20, 25, 13, 8, 18, 17, 23, 26, 12, 7, 24, 11, 16, 7, 8, 9, 3, 3, 6, 24, 22, 19, 18, 13, 22, 31, 12, 15, 21, 29, 3, 19, 19, 8, 26, 21, 28, 25, 0, 7, 6, 7, 12, 27, 6, 25, 10, 20, 5, 21, 0, 11, 31, 24, 12, 23, 25, 16, 16, 8, 3, 5, 12, 29, 5, 17, 15, 20, 22, 25, 26, 29, 28, 13, 17, 31, 17, 18, 9, 6, 11

Length 370 found in generation 228
[30, 22, 28, 4, 13, 18, 29, 9, 25, 13, 9, 6, 16, 12, 9, 29, 24, 25, 19, 19, 7, 28, 28, 25, 8, 16, 19, 0, 31, 16, 11, 22, 18, 15, 7, 29, 15, 10, 24, 10, 28, 3, 13, 3, 30, 26, 11, 31, 15, 16, 1, 13, 6, 2, 13, 11, 21, 2, 2, 24, 18, 24, 27, 30, 10, 6, 5, 14, 30, 18, 25, 4, 24, 28, 19, 6, 7, 12, 11, 20, 22, 29, 12, 22, 4, 10, 20, 13, 14, 5, 7, 9, 12, 17, 25, 7, 23, 7, 22, 24, 5, 10, 14, 15, 13, 12, 1, 29, 26, 29, 25, 9, 13, 13, 0, 20, 15, 1, 25, 27, 19, 9, 20, 3, 0, 25, 12, 20, 19, 17, 13, 24, 26, 31, 26, 20, 25, 3, 24, 14, 6, 22, 14, 0, 30, 1, 19, 27, 21, 28, 30, 4, 14, 8, 10, 22, 22, 19, 5, 2, 27, 5, 30, 7, 17, 2, 29, 7, 4, 2, 31, 10, 31, 31, 27, 6, 11, 24, 17, 31, 22, 23, 14, 19, 24, 13, 29, 18, 26, 15, 20, 29, 4, 0, 10, 10, 27, 16, 31, 29, 20, 9, 5, 3, 10, 18, 4, 29, 21, 12, 19, 16, 26, 26, 8, 28, 6, 23, 26, 23, 5, 18, 14, 21, 11, 30, 12, 24, 3, 4, 4, 21, 17, 15, 15, 11, 2, 8, 26, 18, 9, 23, 17, 14, 11, 11, 23, 3, 26, 22, 26, 19, 1, 9, 4, 28, 12, 18, 2, 3, 11, 8, 7, 16, 0, 1, 23, 6, 17, 1, 28, 16, 4, 9, 8, 12, 21, 22, 8, 11, 3, 16, 6, 1, 11, 25, 23, 30, 14, 17, 29, 2, 18, 3, 28, 8, 31, 8, 23, 23, 21, 27, 31, 5, 31, 28, 5, 15, 4, 30, 15, 19, 30, 11, 29, 5, 16, 10, 21, 30, 9, 26, 25, 17, 9, 30, 29, 6, 28, 27, 0, 23, 20, 7, 2, 7, 19, 13, 16, 22, 25, 30, 8, 29, 0, 8, 13, 27, 9, 9, 16, 9, 15, 8, 20, 1, 1, 5, 29, 31, 9, 0, 28, 2, 14, 27, 12, 27, 22, 5]

Length 380 found in generation 1057
[13, 20, 18, 4, 31, 6, 20, 25, 5, 19, 25, 6, 19, 16, 21, 16, 18, 10, 9, 10, 17, 21, 1, 1, 13, 31, 13, 18, 29, 30, 5, 21, 21, 7, 24, 9, 30, 15, 28, 3, 24, 20, 22, 9, 21, 31, 12, 24, 21, 6, 3, 0, 1, 19, 18, 11, 6, 23, 11, 4, 29, 22, 0, 22, 13, 23, 27, 21, 28, 9, 23, 8, 13, 29, 8, 29, 21, 29, 6, 16, 12, 1, 5, 0, 10, 11, 20, 8, 12, 17, 15, 5, 23, 15, 31, 15, 9, 16, 15, 4, 15, 23, 10, 15, 29, 11, 22, 6, 21, 20, 17, 6, 15, 1, 20, 26, 28, 23, 23, 7, 6, 11, 26, 18, 17, 2, 21, 2, 13, 24, 24, 4, 17, 14, 1, 6, 30, 6, 2, 10, 1, 12, 28, 0, 5, 30, 16, 9, 11, 28, 8, 17, 12, 26, 29, 3, 28, 19, 12, 15, 11, 12, 7, 22, 8, 2, 5, 25, 3, 27, 30, 20, 9, 9, 7, 20, 19, 11, 24, 11, 7, 16, 6, 6, 25, 27, 27, 16, 3, 18, 0, 27, 28, 18, 20, 6, 31, 10, 14, 6, 29, 26, 9, 25, 22, 31, 20, 29, 12, 30, 26, 26, 24, 22, 29, 18, 1, 8, 19, 6, 10, 3, 11, 0, 3, 14, 18, 27, 19, 30, 22, 2, 27, 24, 14, 30, 2, 14, 9, 31, 22, 16, 4, 23, 30, 9, 1, 27, 23, 25, 24, 16, 28, 26, 17, 29, 20, 0, 6, 14, 2, 12, 16, 8, 31, 14, 16, 16, 20, 12, 5, 18, 28, 22, 11, 25, 28, 11, 5, 17, 31, 0, 4, 8, 18, 3, 31, 2, 19, 3, 23, 9, 17, 0, 11, 11, 14, 14, 26, 22, 22, 7, 23, 1, 16, 1, 30, 13, 12, 18, 31, 31, 27, 4, 13, 16, 14, 12, 22, 15, 12, 29, 13, 14, 4, 24, 19, 23, 17, 22, 12, 11, 1, 23, 22, 4, 7, 2, 24, 12, 23, 29, 15, 18, 8, 3, 22, 17, 7, 25, 15, 26, 31, 16, 2, 20, 10, 6, 22, 25, 31, 26, 5, 12, 25, 26, 27, 0, 28, 7, 17, 25, 25, 23, 0, 7, 13, 7, 7, 26]

Length 384 found in generation 139
[20, 1, 13, 7, 17, 10, 31, 3, 21, 27, 9, 17, 28, 10, 7, 30, 3, 29, 10, 0, 28, 28, 29, 1, 31, 27, 7, 1, 10, 2, 5, 26, 8, 1, 24, 11, 15, 19, 15, 20, 22, 25, 21, 28, 8, 19, 19, 21, 20, 26, 14, 26, 17, 2, 31, 19, 10, 18, 10, 21, 5, 13, 11, 1, 0, 2, 6, 16, 1, 30, 27, 21, 3, 13, 22, 6, 23, 14, 11, 28, 4, 27, 10, 5, 1, 26, 31, 18, 14, 21, 13, 1, 12, 12, 9, 10, 28, 7, 5, 8, 3, 24, 0, 14, 16, 9, 20, 24, 12, 25, 22, 5, 12, 0, 26, 9, 28, 12, 29, 19, 5, 27, 19, 2, 9, 14, 13, 27, 29, 15, 7, 22, 7, 11, 0, 30, 17, 15, 13, 3, 25, 14, 24, 28, 11, 9, 1, 23, 7, 23, 6, 24, 8, 17, 14, 5, 2, 1, 29, 26, 20, 23, 29, 11, 10, 13, 30, 8, 23, 25, 24, 7, 31, 8, 6, 12, 19, 13, 14, 7, 18, 27, 31, 7, 24, 21, 30, 24, 26, 29, 20, 27, 8, 14, 20, 12, 10, 25, 19, 17, 24, 16, 3, 1, 11, 30, 26, 2, 15, 14, 1, 8, 5, 6, 31, 21, 21, 11, 7, 27, 14, 30, 23, 22, 29, 6, 6, 0, 31, 2, 24, 15, 16, 4, 15, 21, 14, 29, 12, 22, 13, 31, 23, 4, 22, 31, 6, 9, 27, 30, 15, 29, 9, 5, 15, 5, 28, 31, 25, 3, 23, 24, 18, 23, 12, 14, 17, 4, 30, 18, 11, 20, 5, 25, 26, 3, 7, 2, 4, 7, 4, 1, 18, 0, 6, 27, 4, 10, 14, 25, 9, 15, 3, 17, 7, 25, 30, 25, 27, 18, 12, 7, 3, 18, 19, 8, 26, 23, 16, 23, 3, 11, 25, 15, 22, 21, 2, 13, 8, 2, 27, 15, 2, 26, 24, 23, 1, 14, 4, 3, 0, 17, 23, 31, 17, 18, 8, 8, 10, 30, 30, 29, 27, 2, 12, 2, 23, 20, 15, 27, 12, 4, 20, 2, 20, 30, 7, 8, 31, 20, 19, 29, 30, 31, 1, 16, 13, 9, 4, 13, 26, 12, 11, 17, 0, 12, 3, 27, 16, 25, 11, 5, 29, 7]
